NACA 1418
    1.000000      0.1890000E-02
   0.9897830      0.4364486E-02
   0.9767819      0.7466435E-02
   0.9624352      0.1082984E-01
   0.9467819      0.1442985E-01
   0.9299378      0.1822440E-01
   0.9120769      0.2216021E-01
   0.8933997      0.2618148E-01
   0.8741003      0.3023741E-01
   0.8543458      0.3428645E-01
   0.8342682      0.3829710E-01
   0.8139662      0.4224666E-01
   0.7935114      0.4611919E-01
   0.7729546      0.4990351E-01
   0.7523324      0.5359154E-01
   0.7316714      0.5717719E-01
   0.7109916      0.6065544E-01
   0.6903090      0.6402186E-01
   0.6696365      0.6727223E-01
   0.6489857      0.7040229E-01
   0.6283672      0.7340762E-01
   0.6077909      0.7628354E-01
   0.5872669      0.7902504E-01
   0.5668052      0.8162677E-01
   0.5464165      0.8408300E-01
   0.5261119      0.8638765E-01
   0.5059039      0.8853424E-01
   0.4858061      0.9051599E-01
   0.4658345      0.9232575E-01
   0.4460075      0.9395614E-01
   0.4263476      0.9539960E-01
   0.4068823      0.9664859E-01
   0.3876451      0.9769048E-01
   0.3686449      0.9850151E-01
   0.3498815      0.9907592E-01
   0.3313659      0.9940879E-01
   0.3131169      0.9949536E-01
   0.2951605      0.9933152E-01
   0.2775293      0.9891431E-01
   0.2602627      0.9824261E-01
   0.2434065      0.9731771E-01
   0.2270124      0.9614409E-01
   0.2111368      0.9473001E-01
   0.1958387      0.9308809E-01
   0.1811764      0.9123547E-01
   0.1672039      0.8919357E-01
   0.1539663      0.8698738E-01
   0.1414958      0.8464415E-01
   0.1298097      0.8219185E-01
   0.1189086      0.7965756E-01
   0.1087781      0.7706609E-01
   0.9939058E-01  0.7443894E-01
   0.9070857E-01  0.7179387E-01
   0.8268831E-01  0.6914478E-01
   0.7528275E-01  0.6650196E-01
   0.6844417E-01  0.6387254E-01
   0.6212607E-01  0.6126099E-01
   0.5628448E-01  0.5866965E-01
   0.5087873E-01  0.5609917E-01
   0.4587183E-01  0.5354891E-01
   0.4123058E-01  0.5101731E-01
   0.3692555E-01  0.4850209E-01
   0.3293084E-01  0.4600050E-01
   0.2922395E-01  0.4350949E-01
   0.2578550E-01  0.4102582E-01
   0.2259900E-01  0.3854622E-01
   0.1965064E-01  0.3606745E-01
   0.1692906E-01  0.3358649E-01
   0.1442518E-01  0.3110059E-01
   0.1213201E-01  0.2860746E-01
   0.1004439E-01  0.2610545E-01
   0.8158813E-02  0.2359370E-01
   0.6473124E-02  0.2107237E-01
   0.4986139E-02  0.1854288E-01
   0.3697207E-02  0.1600803E-01
   0.2605692E-02  0.1347220E-01
   0.1710354E-02  0.1094128E-01
   0.1008738E-02  0.8422399E-02
   0.4968785E-03  0.5924721E-02
   0.1681228E-03  0.3453981E-02
   0.1485996E-04  0.1028571E-02
   0.2622913E-04 -0.1363800E-02
   0.2049740E-03 -0.3791991E-02
   0.5644855E-03 -0.6256280E-02
   0.1114773E-02 -0.8739194E-02
   0.1864394E-02 -0.1123223E-01
   0.2818542E-02 -0.1372358E-01
   0.3980183E-02 -0.1620354E-01
   0.5350233E-02 -0.1866368E-01
   0.6928369E-02 -0.2109751E-01
   0.8713792E-02 -0.2350049E-01
   0.1070595E-01 -0.2586997E-01
   0.1290520E-01 -0.2820488E-01
   0.1531322E-01 -0.3050552E-01
   0.1793349E-01 -0.3277316E-01
   0.2077151E-01 -0.3500982E-01
   0.2383504E-01 -0.3721801E-01
   0.2713432E-01 -0.3940051E-01
   0.3068226E-01 -0.4156022E-01
   0.3449469E-01 -0.4370002E-01
   0.3859056E-01 -0.4582265E-01
   0.4299224E-01 -0.4793057E-01
   0.4772582E-01 -0.5002587E-01
   0.5282144E-01 -0.5211010E-01
   0.5831357E-01 -0.5418414E-01
   0.6424132E-01 -0.5624796E-01
   0.7064849E-01 -0.5830036E-01
   0.7758356E-01 -0.6033872E-01
   0.8509921E-01 -0.6235857E-01
   0.9325134E-01 -0.6435323E-01
   0.1020974     -0.6631339E-01
   0.1116937     -0.6822674E-01
   0.1220920     -0.7007782E-01
   0.1333351     -0.7184804E-01
   0.1454522     -0.7351623E-01
   0.1584549     -0.7505961E-01
   0.1723342     -0.7645512E-01
   0.1870607     -0.7768115E-01
   0.2025865     -0.7871906E-01
   0.2188502     -0.7955443E-01
   0.2357821     -0.8017768E-01
   0.2533101     -0.8058417E-01
   0.2713641     -0.8077369E-01
   0.2898786     -0.8074979E-01
   0.3087943     -0.8051890E-01
   0.3280579     -0.8008966E-01
   0.3476211     -0.7947223E-01
   0.3674382     -0.7867789E-01
   0.3874638     -0.7771878E-01
   0.4076474     -0.7660619E-01
   0.4279576     -0.7533154E-01
   0.4483959     -0.7389894E-01
   0.4689602     -0.7231756E-01
   0.4896452     -0.7059608E-01
   0.5104438     -0.6874282E-01
   0.5313477     -0.6676570E-01
   0.5523482     -0.6467224E-01
   0.5734358     -0.6246950E-01
   0.5946010     -0.6016414E-01
   0.6158340     -0.5776232E-01
   0.6371249     -0.5526977E-01
   0.6584633     -0.5269176E-01
   0.6798381     -0.5003318E-01
   0.7012374     -0.4729854E-01
   0.7226470     -0.4449213E-01
   0.7440504     -0.4161819E-01
   0.7654262     -0.3868115E-01
   0.7867460     -0.3568611E-01
   0.8079706     -0.3263949E-01
   0.8290451     -0.2954998E-01
   0.8498914     -0.2642986E-01
   0.8704010     -0.2329666E-01
   0.8904275     -0.2017481E-01
   0.9097851     -0.1709663E-01
   0.9282585     -0.1410143E-01
   0.9456282     -0.1123182E-01
   0.9617089     -0.8527201E-02
   0.9763851     -0.6016953E-02
   0.9896289     -0.3716117E-02
    1.000000     -0.1890000E-02
